48
NC_045512_2_Wuhan-Hu-1_complete_genome                                  0.0000000 0.0139609 0.0078065 0.0082528 0.0166511 0.0157687 0.0144401 0.0148864 0.0157640 0.0154388 0.0136552 0.0127695 0.0136615 0.0149961 0.0132077 0.0172713 0.0131167 0.0146321 0.0140266 0.0149024 0.0144366 0.0130893 0.0162009 0.0132068 0.0135307 0.0126525 0.0123334 0.0100195 0.0136603 0.0136603 0.0185913 0.0021568 0.0030205 0.0021722 0.0021707 0.0026020 0.0017424 0.0017253 0.0025900 0.0021572 0.0021576 0.0021574 0.0026107 0.0017253 0.0034560 0.0030233 0.0051970 0.0069937 
hCoV-19/Colombia/SAN-UW-651275441501/2020|EPI_ISL_1324144|2020-11-30    0.0139609 0.0000000 0.0166086 0.0170721 0.0247215 0.0238295 0.0224829 0.0229373 0.0238222 0.0235543 0.0253931 0.0244932 0.0254053 0.0267646 0.0249342 0.0263370 0.0242140 0.0233040 0.0229738 0.0238557 0.0233691 0.0242438 0.0274278 0.0194887 0.0206560 0.0197690 0.0226873 0.0211243 0.0244984 0.0244984 0.0286031 0.0161677 0.0170474 0.0136177 0.0136080 0.0140318 0.0123273 0.0130825 0.0139661 0.0135227 0.0135253 0.0135240 0.0114014 0.0130825 0.0121898 0.0117517 0.0130879 0.0114198 
hCoV-19/Colombia/SAN-576900-002/2020|EPI_ISL_1576835|2020-10-25         0.0078065 0.0166086 0.0000000 0.0056233 0.0193154 0.0184305 0.0170968 0.0175455 0.0184249 0.0181187 0.0190394 0.0181472 0.0190483 0.0203942 0.0185867 0.0199651 0.0186430 0.0174981 0.0166871 0.0175643 0.0170925 0.0184190 0.0215668 0.0145441 0.0152975 0.0148575 0.0177103 0.0153253 0.0185985 0.0185985 0.0235773 0.0099907 0.0108632 0.0074233 0.0074180 0.0078460 0.0070053 0.0069361 0.0078094 0.0073718 0.0073732 0.0073725 0.0052309 0.0069361 0.0060590 0.0056249 0.0078097 0.0096340 
hCoV-19/Colombia/SAN-576900-007-RNA/2020|EPI_ISL_1577182|2020-12-03     0.0082528 0.0170721 0.0056233 0.0000000 0.0197852 0.0188987 0.0175624 0.0180121 0.0188930 0.0185897 0.0195128 0.0186190 0.0195220 0.0208705 0.0190591 0.0204410 0.0191285 0.0184796 0.0171529 0.0180314 0.0175580 0.0188869 0.0220414 0.0154532 0.0157589 0.0153181 0.0181816 0.0157875 0.0190713 0.0190713 0.0240603 0.0104410 0.0113150 0.0078720 0.0078664 0.0082945 0.0074545 0.0073808 0.0082558 0.0078173 0.0078188 0.0078181 0.0056755 0.0073808 0.0065016 0.0060667 0.0082562 0.0100874 
hCoV-19/Colombia/DC-UANDES-G015313/2021|EPI_ISL_1626613|2021-03-26      0.0166511 0.0247215 0.0193154 0.0197852 0.0000000 0.0051903 0.0038889 0.0043234 0.0051888 0.0047909 0.0263275 0.0254258 0.0263401 0.0277025 0.0258673 0.0277352 0.0261502 0.0247793 0.0247991 0.0256829 0.0261210 0.0265523 0.0297576 0.0226806 0.0242822 0.0233896 0.0259159 0.0234178 0.0272831 0.0272831 0.0323511 0.0188719 0.0197564 0.0163250 0.0163133 0.0167361 0.0159266 0.0157677 0.0166574 0.0162106 0.0162138 0.0162122 0.0140942 0.0157677 0.0148665 0.0144259 0.0157742 0.0185843 
hCoV-19/Colombia/DC-UANDES-G015158/2021|EPI_ISL_1626615|2021-03-24      0.0157687 0.0238295 0.0184305 0.0188987 0.0051903 0.0000000 0.0030235 0.0034574 0.0043223 0.0039183 0.0254253 0.0245242 0.0254375 0.0267986 0.0249658 0.0272839 0.0252227 0.0242985 0.0239043 0.0247878 0.0252260 0.0256575 0.0279579 0.0226822 0.0242839 0.0233912 0.0250127 0.0225255 0.0263785 0.0263785 0.0314405 0.0179873 0.0188712 0.0154366 0.0154255 0.0158492 0.0150360 0.0148860 0.0157746 0.0153285 0.0153315 0.0153300 0.0132082 0.0148860 0.0139867 0.0135464 0.0148922 0.0172462 
hCoV-19/Colombia/DC-UANDES-G015436/2021|EPI_ISL_1626616|2021-03-29      0.0144401 0.0224829 0.0170968 0.0175624 0.0038889 0.0030235 0.0000000 0.0012937 0.0030226 0.0026096 0.0236027 0.0227037 0.0236140 0.0249714 0.0231449 0.0259156 0.0242859 0.0228442 0.0225534 0.0234362 0.0238740 0.0243058 0.0274985 0.0213252 0.0229361 0.0220449 0.0236485 0.0211789 0.0250116 0.0250116 0.0300622 0.0166544 0.0175369 0.0140992 0.0140891 0.0145137 0.0136954 0.0135588 0.0144455 0.0140005 0.0140033 0.0140019 0.0118753 0.0135588 0.0126627 0.0122232 0.0135644 0.0163490 
hCoV-19/Colombia/DC-UANDES-309026/2021|EPI_ISL_1626618|2021-03-25       0.0148864 0.0229373 0.0175455 0.0180121 0.0043234 0.0034574 0.0012937 0.0000000 0.0034564 0.0030463 0.0240625 0.0231628 0.0240740 0.0254326 0.0236042 0.0263783 0.0247594 0.0233350 0.0230093 0.0238926 0.0243306 0.0247624 0.0279588 0.0217835 0.0233911 0.0224991 0.0241092 0.0216330 0.0254736 0.0254736 0.0305294 0.0171027 0.0179859 0.0145484 0.0145379 0.0149623 0.0141455 0.0140044 0.0148920 0.0144465 0.0144493 0.0144479 0.0123224 0.0140044 0.0131070 0.0126671 0.0140102 0.0163490 
hCoV-19/Colombia/DC-UANDES-339014/2021|EPI_ISL_1626619|2021-04-03       0.0157640 0.0238222 0.0184249 0.0188930 0.0051888 0.0043223 0.0030226 0.0034564 0.0000000 0.0039172 0.0254174 0.0245166 0.0254296 0.0267903 0.0249581 0.0272754 0.0256794 0.0242904 0.0238970 0.0247802 0.0252182 0.0256496 0.0288495 0.0226752 0.0242765 0.0233841 0.0250049 0.0225186 0.0263703 0.0263703 0.0314306 0.0179819 0.0188655 0.0154320 0.0154209 0.0158444 0.0150315 0.0148816 0.0157699 0.0153239 0.0153269 0.0153254 0.0132042 0.0148816 0.0139825 0.0135424 0.0148877 0.0176872 
hCoV-19/Colombia/ARA-INS-VG-2151/2021|EPI_ISL_1805639|2021-04-09        0.0154388 0.0235543 0.0181187 0.0185897 0.0047909 0.0039183 0.0026096 0.0030463 0.0039172 0.0000000 0.0249647 0.0240651 0.0249775 0.0263375 0.0245065 0.0270298 0.0252137 0.0238081 0.0236288 0.0245186 0.0249599 0.0253946 0.0286174 0.0223966 0.0240118 0.0231121 0.0247426 0.0222408 0.0261179 0.0261179 0.0312153 0.0176725 0.0185625 0.0150053 0.0149945 0.0155181 0.0146977 0.0145500 0.0154446 0.0149955 0.0149985 0.0149970 0.0127610 0.0145500 0.0136449 0.0132016 0.0145561 0.0173731 
hCoV-19/Colombia/DC-INS-VG-2114/2021|EPI_ISL_1820962|2021-04-12         0.0136552 0.0253931 0.0190394 0.0195128 0.0263275 0.0254253 0.0236027 0.0240625 0.0254174 0.0249647 0.0000000 0.0026111 0.0026121 0.0039214 0.0021746 0.0265707 0.0191414 0.0238152 0.0231755 0.0240651 0.0245063 0.0190439 0.0222253 0.0238181 0.0240566 0.0231552 0.0183341 0.0159185 0.0215336 0.0215336 0.0275047 0.0158830 0.0167711 0.0132214 0.0132119 0.0132753 0.0124501 0.0127684 0.0136603 0.0123174 0.0132154 0.0123186 0.0136673 0.0127684 0.0145532 0.0141088 0.0163594 0.0182997 
hCoV-19/Colombia/ANT-CWOHC-VG-SEC00213E/2021|EPI_ISL_1960080|2021-04-09 0.0127695 0.0244932 0.0181472 0.0186190 0.0254258 0.0245242 0.0227037 0.0231628 0.0245166 0.0240651 0.0026111 0.0000000 0.0017395 0.0030467 0.0021748 0.0256606 0.0182218 0.0233357 0.0222760 0.0231654 0.0236065 0.0181514 0.0213284 0.0229109 0.0231571 0.0222572 0.0174333 0.0150286 0.0215355 0.0215355 0.0265931 0.0149951 0.0158826 0.0123354 0.0123265 0.0123857 0.0115565 0.0118835 0.0127743 0.0114333 0.0123298 0.0114333 0.0127808 0.0118835 0.0136661 0.0132221 0.0154694 0.0174006 
hCoV-19/Colombia/ANT-CWOHC-VG-SEC00262B/2021|EPI_ISL_1960081|2021-04-10 0.0136615 0.0254053 0.0190483 0.0195220 0.0263401 0.0254375 0.0236140 0.0240740 0.0254296 0.0249775 0.0026121 0.0017395 0.0000000 0.0013032 0.0021756 0.0265835 0.0191494 0.0243101 0.0231866 0.0240766 0.0245180 0.0190528 0.0222358 0.0238295 0.0240680 0.0231670 0.0174271 0.0159260 0.0224519 0.0224519 0.0275180 0.0158904 0.0167790 0.0132275 0.0132180 0.0132815 0.0124559 0.0127744 0.0136667 0.0123231 0.0132215 0.0123231 0.0136737 0.0127744 0.0145600 0.0141154 0.0163671 0.0183084 
hCoV-19/Colombia/ANT-CWOHC-VG-SEC00276P/2021|EPI_ISL_1960082|2021-04-22 0.0149961 0.0267646 0.0203942 0.0208705 0.0277025 0.0267986 0.0249714 0.0254326 0.0267903 0.0263375 0.0039214 0.0030467 0.0013032 0.0000000 0.0034838 0.0279569 0.0205335 0.0252795 0.0245432 0.0254353 0.0258769 0.0203990 0.0235896 0.0251980 0.0254263 0.0245240 0.0183318 0.0172675 0.0238190 0.0238190 0.0288956 0.0172289 0.0181187 0.0145624 0.0145519 0.0146219 0.0138021 0.0141076 0.0150018 0.0136548 0.0145558 0.0136548 0.0150095 0.0141076 0.0158969 0.0154516 0.0177089 0.0196645 
hCoV-19/Colombia/ATL-INS-VG-2327/2021|EPI_ISL_2158355|2021-04-14        0.0132077 0.0249342 0.0185867 0.0190591 0.0258673 0.0249658 0.0231449 0.0236042 0.0249581 0.0245065 0.0021746 0.0021748 0.0021756 0.0034838 0.0000000 0.0261062 0.0186760 0.0238075 0.0227176 0.0236068 0.0240478 0.0185910 0.0217691 0.0233560 0.0235984 0.0226984 0.0178773 0.0154681 0.0219804 0.0219804 0.0270391 0.0154335 0.0163211 0.0127739 0.0127647 0.0128260 0.0119990 0.0123216 0.0132126 0.0118711 0.0127681 0.0118723 0.0132194 0.0123216 0.0141047 0.0136606 0.0159088 0.0178437 
hCoV-19/Colombia/CUN-S11/2021|EPI_ISL_2339776|2021-04-16                0.0172713 0.0263370 0.0199651 0.0204410 0.0277352 0.0272839 0.0259156 0.0263783 0.0272754 0.0270298 0.0265707 0.0256606 0.0265835 0.0279569 0.0261062 0.0000000 0.0280154 0.0075537 0.0079026 0.0078890 0.0078861 0.0282026 0.0314512 0.0247404 0.0254245 0.0245223 0.0275761 0.0250294 0.0280160 0.0280160 0.0331396 0.0195167 0.0204108 0.0169373 0.0169337 0.0173604 0.0151930 0.0163782 0.0172779 0.0168260 0.0168294 0.0168277 0.0146902 0.0163782 0.0154664 0.0150210 0.0172786 0.0187801 
hCoV-19/Colombia/ANT-CWOHC-VG-SEC00641Q/2021|EPI_ISL_2621148|2021-05-13 0.0131167 0.0242140 0.0186430 0.0191285 0.0261502 0.0252227 0.0242859 0.0247594 0.0256794 0.0252137 0.0191414 0.0182218 0.0191494 0.0205335 0.0186760 0.0280154 0.0000000 0.0255661 0.0247968 0.0257138 0.0252062 0.0040319 0.0067426 0.0230687 0.0237846 0.0228593 0.0068100 0.0035868 0.0221284 0.0221284 0.0273283 0.0154034 0.0163152 0.0126643 0.0126616 0.0122629 0.0123335 0.0122065 0.0131218 0.0117438 0.0126651 0.0117438 0.0131287 0.0122065 0.0140382 0.0135820 0.0158916 0.0178396 
hCoV-19/Colombia/CAL-INS-VG-2795/2021|EPI_ISL_2674296|2021-04-29        0.0146321 0.0233040 0.0174981 0.0184796 0.0247793 0.0242985 0.0228442 0.0233350 0.0242904 0.0238081 0.0238152 0.0233357 0.0243101 0.0252795 0.0238075 0.0075537 0.0255661 0.0000000 0.0056140 0.0018637 0.0032637 0.0262506 0.0292094 0.0233030 0.0237872 0.0228256 0.0255616 0.0223737 0.0250445 0.0250445 0.0304806 0.0170211 0.0179734 0.0146434 0.0146321 0.0151243 0.0138298 0.0141565 0.0146321 0.0146332 0.0146363 0.0146347 0.0122425 0.0141565 0.0131887 0.0127145 0.0141572 0.0161794 
hCoV-19/Colombia/ANT-PRO-LDSP41/2021|EPI_ISL_3347175|2021-04-27         0.0140266 0.0229738 0.0166871 0.0171529 0.0247991 0.0239043 0.0225534 0.0230093 0.0238970 0.0236288 0.0231755 0.0222760 0.0231866 0.0245432 0.0227176 0.0079026 0.0247968 0.0056140 0.0000000 0.0060803 0.0060829 0.0248098 0.0280125 0.0218185 0.0220733 0.0211807 0.0241567 0.0216743 0.0241407 0.0241407 0.0291921 0.0162440 0.0171280 0.0136822 0.0136724 0.0140982 0.0128309 0.0131440 0.0140318 0.0135863 0.0135890 0.0135876 0.0114552 0.0131440 0.0122470 0.0118068 0.0140324 0.0154888 
hCoV-19/Colombia/ANT-PRO-LDSP30/2021|EPI_ISL_3347177|2021-04-26         0.0149024 0.0238557 0.0175643 0.0180314 0.0256829 0.0247878 0.0234362 0.0238926 0.0247802 0.0245186 0.0240651 0.0231654 0.0240766 0.0254353 0.0236068 0.0078890 0.0257138 0.0018637 0.0060803 0.0000000 0.0034652 0.0256939 0.0288994 0.0227088 0.0229546 0.0220627 0.0250495 0.0225575 0.0250329 0.0250329 0.0296316 0.0171210 0.0180052 0.0145641 0.0145537 0.0145304 0.0137151 0.0140195 0.0149080 0.0144620 0.0144649 0.0144634 0.0123353 0.0140195 0.0131211 0.0126807 0.0149086 0.0163729 
hCoV-19/Colombia/COV-VG-3635/2021|EPI_ISL_3355512|2021-04-17            0.0144366 0.0233691 0.0170925 0.0175580 0.0261210 0.0252260 0.0238740 0.0243306 0.0252182 0.0249599 0.0245063 0.0236065 0.0245180 0.0258769 0.0240478 0.0078861 0.0252062 0.0032637 0.0060829 0.0034652 0.0000000 0.0252025 0.0284000 0.0222205 0.0224701 0.0215801 0.0245545 0.0220727 0.0249904 0.0249904 0.0300364 0.0166502 0.0175326 0.0140957 0.0140856 0.0145101 0.0132472 0.0135555 0.0144420 0.0139971 0.0139998 0.0139984 0.0118724 0.0135555 0.0126596 0.0122202 0.0144426 0.0158998 
hCoV-19/Colombia/CAQ-INS-VG-4836/2021|EPI_ISL_3459389|2021-07-14        0.0130893 0.0242438 0.0184190 0.0188869 0.0265523 0.0256575 0.0243058 0.0247624 0.0256496 0.0253946 0.0190439 0.0181514 0.0190528 0.0203990 0.0185910 0.0282026 0.0040319 0.0262506 0.0248098 0.0256939 0.0252025 0.0000000 0.0056312 0.0240342 0.0242686 0.0233765 0.0070063 0.0038937 0.0217759 0.0217759 0.0258816 0.0152950 0.0161745 0.0127401 0.0127310 0.0127105 0.0123338 0.0122113 0.0130942 0.0117649 0.0126537 0.0117661 0.0132000 0.0122113 0.0139781 0.0135381 0.0157656 0.0176815 
hCoV-19/Colombia/HUI-INS-VG-4802/2021|EPI_ISL_3459390|2021-07-08        0.0162009 0.0274278 0.0215668 0.0220414 0.0297576 0.0279579 0.0274985 0.0279588 0.0288495 0.0286174 0.0222253 0.0213284 0.0222358 0.0235896 0.0217691 0.0314512 0.0067426 0.0292094 0.0280125 0.0288994 0.0284000 0.0056312 0.0000000 0.0272485 0.0274560 0.0265594 0.0101074 0.0069465 0.0249772 0.0249772 0.0282026 0.0184193 0.0193030 0.0158720 0.0158606 0.0158350 0.0154727 0.0153184 0.0162070 0.0148677 0.0157639 0.0148692 0.0163385 0.0153184 0.0170965 0.0166542 0.0188985 0.0204023 
hCoV-19/Colombia/MET-INS-VG-5025/2021|EPI_ISL_3459415|2021-07-20        0.0132068 0.0194887 0.0145441 0.0154532 0.0226806 0.0226822 0.0213252 0.0217835 0.0226752 0.0223966 0.0238181 0.0229109 0.0238295 0.0251980 0.0233560 0.0247404 0.0230687 0.0233030 0.0218185 0.0227088 0.0222205 0.0240342 0.0272485 0.0000000 0.0030543 0.0026175 0.0224606 0.0208849 0.0196960 0.0196960 0.0242698 0.0154324 0.0163198 0.0128552 0.0128459 0.0132745 0.0124456 0.0123208 0.0132117 0.0127647 0.0127673 0.0127660 0.0106202 0.0123208 0.0114214 0.0109795 0.0127689 0.0146382 
hCoV-19/Colombia/VAC-INS-VG-4874/2021|EPI_ISL_3459416|2021-07-01        0.0135307 0.0206560 0.0152975 0.0157589 0.0242822 0.0242839 0.0229361 0.0233911 0.0242765 0.0240118 0.0240566 0.0231571 0.0240680 0.0254263 0.0235984 0.0254245 0.0237846 0.0237872 0.0220733 0.0229546 0.0224701 0.0242686 0.0274560 0.0030543 0.0000000 0.0021603 0.0227107 0.0211458 0.0204256 0.0204256 0.0254265 0.0157378 0.0166177 0.0131844 0.0131749 0.0135995 0.0127791 0.0126521 0.0135357 0.0130923 0.0130949 0.0130936 0.0109679 0.0126521 0.0117598 0.0113216 0.0135363 0.0154258 
hCoV-19/Colombia/VAC-INS-VG-4872/2021|EPI_ISL_3459417|2021-07-10        0.0126525 0.0197690 0.0148575 0.0153181 0.0233896 0.0233912 0.0220449 0.0224991 0.0233841 0.0231121 0.0231552 0.0222572 0.0231670 0.0245240 0.0226984 0.0245223 0.0228593 0.0228256 0.0211807 0.0220627 0.0215801 0.0233765 0.0265594 0.0026175 0.0021603 0.0000000 0.0218110 0.0202564 0.0195295 0.0195295 0.0245242 0.0148574 0.0157367 0.0123003 0.0122915 0.0127168 0.0118929 0.0117747 0.0126572 0.0122145 0.0122169 0.0122157 0.0100863 0.0117747 0.0108842 0.0104464 0.0126578 0.0145383 
hCoV-19/Colombia/CVU3913/2021|EPI_ISL_3491806|2021-05-14                0.0123334 0.0226873 0.0177103 0.0181816 0.0259159 0.0250127 0.0236485 0.0241092 0.0250049 0.0247426 0.0183341 0.0174333 0.0174271 0.0183318 0.0178773 0.0275761 0.0068100 0.0255616 0.0241567 0.0250495 0.0245545 0.0070063 0.0101074 0.0224606 0.0227107 0.0218110 0.0000000 0.0056908 0.0201764 0.0201764 0.0252253 0.0145589 0.0154466 0.0119755 0.0119669 0.0115022 0.0115633 0.0114472 0.0123380 0.0109974 0.0118935 0.0109984 0.0124387 0.0114472 0.0132298 0.0127857 0.0150324 0.0169600 
hCoV-19/Colombia/CVU4000/2021|EPI_ISL_3491814|2021-05-18                0.0100195 0.0211243 0.0153253 0.0157875 0.0234178 0.0225255 0.0211789 0.0216330 0.0225186 0.0222408 0.0159185 0.0150286 0.0159260 0.0172675 0.0154681 0.0250294 0.0035868 0.0223737 0.0216743 0.0225575 0.0220727 0.0038937 0.0069465 0.0208849 0.0211458 0.0202564 0.0056908 0.0000000 0.0190827 0.0190827 0.0240748 0.0122169 0.0130941 0.0096497 0.0096428 0.0096273 0.0092358 0.0091441 0.0100232 0.0087012 0.0095844 0.0087020 0.0101041 0.0091441 0.0109033 0.0104647 0.0126802 0.0145643 
hCoV-19/Colombia/CUN-817544/2021|EPI_ISL_3673674|2021-07-16             0.0136603 0.0244984 0.0185985 0.0190713 0.0272831 0.0263785 0.0250116 0.0254736 0.0263703 0.0261179 0.0215336 0.0215355 0.0224519 0.0238190 0.0219804 0.0280160 0.0221284 0.0250445 0.0241407 0.0250329 0.0249904 0.0217759 0.0249772 0.0196960 0.0204256 0.0195295 0.0201764 0.0190827 0.0000000 0.0000010 0.0074461 0.0158888 0.0167773 0.0133116 0.0133020 0.0123819 0.0129028 0.0127733 0.0136655 0.0132178 0.0132204 0.0132191 0.0133291 0.0127733 0.0141138 0.0136695 0.0159190 0.0178552 
hCoV-19/Colombia/CUN-817545/2021|EPI_ISL_3673675|2021-07-16             0.0136603 0.0244984 0.0185985 0.0190713 0.0272831 0.0263785 0.0250116 0.0254736 0.0263703 0.0261179 0.0215336 0.0215355 0.0224519 0.0238190 0.0219804 0.0280160 0.0221284 0.0250445 0.0241407 0.0250329 0.0249904 0.0217759 0.0249772 0.0196960 0.0204256 0.0195295 0.0201764 0.0190827 0.0000010 0.0000000 0.0074461 0.0158888 0.0167773 0.0133116 0.0133020 0.0123819 0.0129028 0.0127733 0.0136655 0.0132178 0.0132204 0.0132191 0.0133291 0.0127733 0.0141138 0.0136695 0.0159190 0.0178552 
hCoV-19/Colombia/CUN-GO28045/2021|EPI_ISL_3673677|2021-07-19            0.0185913 0.0286031 0.0235773 0.0240603 0.0323511 0.0314405 0.0300622 0.0305294 0.0314306 0.0312153 0.0275047 0.0265931 0.0275180 0.0288956 0.0270391 0.0331396 0.0273283 0.0304806 0.0291921 0.0296316 0.0300364 0.0258816 0.0282026 0.0242698 0.0254265 0.0245242 0.0252253 0.0240748 0.0074461 0.0074461 0.0000000 0.0208376 0.0217318 0.0182754 0.0182621 0.0173245 0.0178783 0.0176980 0.0185984 0.0181460 0.0181496 0.0181478 0.0182997 0.0176980 0.0190513 0.0186039 0.0208777 0.0219475 
hCoV-19/Colombia/ANT-INS-79256/2020|EPI_ISL_417924|2020-03-11           0.0021568 0.0161677 0.0099907 0.0104410 0.0188719 0.0179873 0.0166544 0.0171027 0.0179819 0.0176725 0.0158830 0.0149951 0.0158904 0.0172289 0.0154335 0.0195167 0.0154034 0.0170211 0.0162440 0.0171210 0.0166502 0.0152950 0.0184193 0.0154324 0.0157378 0.0148574 0.0145589 0.0122169 0.0158888 0.0158888 0.0208376 0.0000000 0.0025896 0.0043513 0.0043482 0.0047779 0.0039263 0.0038879 0.0047558 0.0043212 0.0043221 0.0043216 0.0047938 0.0038879 0.0056248 0.0051909 0.0073741 0.0091938 
hCoV-19/Colombia/TOL-GUV-92052/2020|EPI_ISL_447757|2020-03-31           0.0030205 0.0170474 0.0108632 0.0113150 0.0197564 0.0188712 0.0175369 0.0179859 0.0188655 0.0185625 0.0167711 0.0158826 0.0167790 0.0181187 0.0163211 0.0204108 0.0163152 0.0179734 0.0171280 0.0180052 0.0175326 0.0161745 0.0193030 0.0163198 0.0166177 0.0157367 0.0154466 0.0130941 0.0167773 0.0167773 0.0217318 0.0025896 0.0000000 0.0052234 0.0052197 0.0056486 0.0048008 0.0047536 0.0056224 0.0051873 0.0051883 0.0051878 0.0056674 0.0047536 0.0064924 0.0060582 0.0082445 0.0100729 
hCoV-19/Colombia/DC-INS-79190/2020|EPI_ISL_456120|2020-03-12            0.0021722 0.0136177 0.0074233 0.0078720 0.0163250 0.0154366 0.0140992 0.0145484 0.0154320 0.0150053 0.0132214 0.0123354 0.0132275 0.0145624 0.0127739 0.0169373 0.0126643 0.0146434 0.0136822 0.0145641 0.0140957 0.0127401 0.0158720 0.0128552 0.0131844 0.0123003 0.0119755 0.0096497 0.0133116 0.0133116 0.0182754 0.0043513 0.0052234 0.0000000 0.0008678 0.0013086 0.0004381 0.0004338 0.0013025 0.0017375 0.0008680 0.0017377 0.0021766 0.0004338 0.0030446 0.0026090 0.0047965 0.0066018 
hCoV-19/Colombia/NSA-INS-80656/2020|EPI_ISL_456126|2020-03-18           0.0021707 0.0136080 0.0074180 0.0078664 0.0163133 0.0154255 0.0140891 0.0145379 0.0154209 0.0149945 0.0132119 0.0123265 0.0132180 0.0145519 0.0127647 0.0169337 0.0126616 0.0146321 0.0136724 0.0145537 0.0140856 0.0127310 0.0158606 0.0128459 0.0131749 0.0122915 0.0119669 0.0096428 0.0133020 0.0133020 0.0182621 0.0043482 0.0052197 0.0008678 0.0000000 0.0013076 0.0004378 0.0004335 0.0013015 0.0017363 0.0008674 0.0017365 0.0021751 0.0004335 0.0030424 0.0026072 0.0047931 0.0065971 
hCoV-19/Colombia/VAC-INS-79943/2020|EPI_ISL_456138|2020-03-16           0.0026020 0.0140318 0.0078460 0.0082945 0.0167361 0.0158492 0.0145137 0.0149623 0.0158444 0.0155181 0.0132753 0.0123857 0.0132815 0.0146219 0.0128260 0.0173604 0.0122629 0.0151243 0.0140982 0.0145304 0.0145101 0.0127105 0.0158350 0.0132745 0.0135995 0.0127168 0.0115022 0.0096273 0.0123819 0.0123819 0.0173245 0.0047779 0.0056486 0.0013086 0.0013076 0.0000000 0.0008747 0.0008661 0.0017335 0.0021681 0.0012997 0.0021683 0.0026239 0.0008661 0.0034734 0.0030385 0.0047852 0.0070293 
hCoV-19/Colombia/ATL-INS-79743/2020|EPI_ISL_456145|2020-03-14           0.0017424 0.0123273 0.0070053 0.0074545 0.0159266 0.0150360 0.0136954 0.0141455 0.0150315 0.0146977 0.0124501 0.0115565 0.0124559 0.0138021 0.0119990 0.0151930 0.0123335 0.0138298 0.0128309 0.0137151 0.0132472 0.0123338 0.0154727 0.0124456 0.0127791 0.0118929 0.0115633 0.0092358 0.0129028 0.0129028 0.0178783 0.0039263 0.0048008 0.0004381 0.0004378 0.0008747 0.0000000 0.0000010 0.0008706 0.0013066 0.0004352 0.0013067 0.0017570 0.0000010 0.0026166 0.0021800 0.0043721 0.0057357 
hCoV-19/Colombia/ANT-INS-82457/2020|EPI_ISL_456146|2020-03-20           0.0017253 0.0130825 0.0069361 0.0073808 0.0157677 0.0148860 0.0135588 0.0140044 0.0148816 0.0145500 0.0127684 0.0118835 0.0127744 0.0141076 0.0123216 0.0163782 0.0122065 0.0141565 0.0131440 0.0140195 0.0135555 0.0122113 0.0153184 0.0123208 0.0126521 0.0117747 0.0114472 0.0091441 0.0127733 0.0127733 0.0176980 0.0038879 0.0047536 0.0004338 0.0004335 0.0008661 0.0000010 0.0000000 0.0008621 0.0012938 0.0004309 0.0012939 0.0017397 0.0000010 0.0025908 0.0021585 0.0043289 0.0061168 
hCoV-19/Colombia/VAC-INS-79965/2020|EPI_ISL_456150|2020-03-15           0.0025900 0.0139661 0.0078094 0.0082558 0.0166574 0.0157746 0.0144455 0.0148920 0.0157699 0.0154446 0.0136603 0.0127743 0.0136667 0.0150018 0.0132126 0.0172779 0.0131218 0.0146321 0.0140318 0.0149080 0.0144420 0.0130942 0.0162070 0.0132117 0.0135357 0.0126572 0.0123380 0.0100232 0.0136655 0.0136655 0.0185984 0.0047558 0.0056224 0.0013025 0.0013015 0.0017335 0.0008706 0.0008621 0.0000000 0.0021580 0.0012937 0.0021582 0.0026116 0.0008621 0.0034573 0.0030244 0.0051989 0.0069963 
hCoV-19/Colombia/VAC-INS-82320/2020|EPI_ISL_456151|2020-03-19           0.0021572 0.0135227 0.0073718 0.0078173 0.0162106 0.0153285 0.0140005 0.0144465 0.0153239 0.0149955 0.0123174 0.0114333 0.0123231 0.0136548 0.0118711 0.0168260 0.0117438 0.0146332 0.0135863 0.0144620 0.0139971 0.0117649 0.0148677 0.0127647 0.0130923 0.0122145 0.0109974 0.0087012 0.0132178 0.0132178 0.0181460 0.0043212 0.0051873 0.0017375 0.0017363 0.0021681 0.0013066 0.0012938 0.0021580 0.0000000 0.0017259 0.0000010 0.0021752 0.0012938 0.0030236 0.0025910 0.0047633 0.0065557 
hCoV-19/Colombia/RIS-INS-80245/2020|EPI_ISL_456155|2020-03-16           0.0021576 0.0135253 0.0073732 0.0078188 0.0162138 0.0153315 0.0140033 0.0144493 0.0153269 0.0149985 0.0132154 0.0123298 0.0132215 0.0145558 0.0127681 0.0168294 0.0126651 0.0146363 0.0135890 0.0144649 0.0139998 0.0126537 0.0157639 0.0127673 0.0130949 0.0122169 0.0118935 0.0095844 0.0132204 0.0132204 0.0181496 0.0043221 0.0051883 0.0008680 0.0008674 0.0012997 0.0004352 0.0004309 0.0012937 0.0017259 0.0000000 0.0017260 0.0021757 0.0004309 0.0030242 0.0025915 0.0047642 0.0065570 
hCoV-19/Colombia/RIS-INS-81402/2020|EPI_ISL_497736|2020-03-18           0.0021574 0.0135240 0.0073725 0.0078181 0.0162122 0.0153300 0.0140019 0.0144479 0.0153254 0.0149970 0.0123186 0.0114333 0.0123231 0.0136548 0.0118723 0.0168277 0.0117438 0.0146347 0.0135876 0.0144634 0.0139984 0.0117661 0.0148692 0.0127660 0.0130936 0.0122157 0.0109984 0.0087020 0.0132191 0.0132191 0.0181478 0.0043216 0.0051878 0.0017377 0.0017365 0.0021683 0.0013067 0.0012939 0.0021582 0.0000010 0.0017260 0.0000000 0.0021755 0.0012939 0.0030239 0.0025913 0.0047637 0.0065563 
hCoV-19/Colombia/NAR-INS-103313/2020|EPI_ISL_526956|2020-04-28          0.0026107 0.0114014 0.0052309 0.0056755 0.0140942 0.0132082 0.0118753 0.0123224 0.0132042 0.0127610 0.0136673 0.0127808 0.0136737 0.0150095 0.0132194 0.0146902 0.0131287 0.0122425 0.0114552 0.0123353 0.0118724 0.0132000 0.0163385 0.0106202 0.0109679 0.0100863 0.0124387 0.0101041 0.0133291 0.0133291 0.0182997 0.0047938 0.0056674 0.0021766 0.0021751 0.0026239 0.0017570 0.0017397 0.0026116 0.0021752 0.0021757 0.0021755 0.0000000 0.0017397 0.0008684 0.0004341 0.0026117 0.0043935 
hCoV-19/Colombia/NSA-NS-79852/2020|EPI_ISL_653752|2020-03-14            0.0017253 0.0130825 0.0069361 0.0073808 0.0157677 0.0148860 0.0135588 0.0140044 0.0148816 0.0145500 0.0127684 0.0118835 0.0127744 0.0141076 0.0123216 0.0163782 0.0122065 0.0141565 0.0131440 0.0140195 0.0135555 0.0122113 0.0153184 0.0123208 0.0126521 0.0117747 0.0114472 0.0091441 0.0127733 0.0127733 0.0176980 0.0038879 0.0047536 0.0004338 0.0004335 0.0008661 0.0000010 0.0000010 0.0008621 0.0012938 0.0004309 0.0012939 0.0017397 0.0000000 0.0025908 0.0021585 0.0043289 0.0061168 
hCoV-19/Colombia/GUR-06537/2020|EPI_ISL_941981|2020-04-30               0.0034560 0.0121898 0.0060590 0.0065016 0.0148665 0.0139867 0.0126627 0.0131070 0.0139825 0.0136449 0.0145532 0.0136661 0.0145600 0.0158969 0.0141047 0.0154664 0.0140382 0.0131887 0.0122470 0.0131211 0.0126596 0.0139781 0.0170965 0.0114214 0.0117598 0.0108842 0.0132298 0.0109033 0.0141138 0.0141138 0.0190513 0.0056248 0.0064924 0.0030446 0.0030424 0.0034734 0.0026166 0.0025908 0.0034573 0.0030236 0.0030242 0.0030239 0.0008684 0.0025908 0.0000000 0.0012930 0.0034574 0.0052342 
hCoV-19/Colombia/GUR-06614/2020|EPI_ISL_941983|2020-04-23               0.0030233 0.0117517 0.0056249 0.0060667 0.0144259 0.0135464 0.0122232 0.0126671 0.0135424 0.0132016 0.0141088 0.0132221 0.0141154 0.0154516 0.0136606 0.0150210 0.0135820 0.0127145 0.0118068 0.0126807 0.0122202 0.0135381 0.0166542 0.0109795 0.0113216 0.0104464 0.0127857 0.0104647 0.0136695 0.0136695 0.0186039 0.0051909 0.0060582 0.0026090 0.0026072 0.0030385 0.0021800 0.0021585 0.0030244 0.0025910 0.0025915 0.0025913 0.0004341 0.0021585 0.0012930 0.0000000 0.0030245 0.0047968 
hCoV-19/Colombia/GVI-133304/2020|EPI_ISL_941986|2020-05-29              0.0051970 0.0130879 0.0078097 0.0082562 0.0157742 0.0148922 0.0135644 0.0140102 0.0148877 0.0145561 0.0163594 0.0154694 0.0163671 0.0177089 0.0159088 0.0172786 0.0158916 0.0141572 0.0140324 0.0149086 0.0144426 0.0157656 0.0188985 0.0127689 0.0135363 0.0126578 0.0150324 0.0126802 0.0159190 0.0159190 0.0208777 0.0073741 0.0082445 0.0047965 0.0047931 0.0047852 0.0043721 0.0043289 0.0051989 0.0047633 0.0047642 0.0047637 0.0026117 0.0043289 0.0034574 0.0030245 0.0000000 0.0069966 
hCoV-19/Colombia/GUR-37097/2020|EPI_ISL_941995|2020-06-23               0.0069937 0.0114198 0.0096340 0.0100874 0.0185843 0.0172462 0.0163490 0.0163490 0.0176872 0.0173731 0.0182997 0.0174006 0.0183084 0.0196645 0.0178437 0.0187801 0.0178396 0.0161794 0.0154888 0.0163729 0.0158998 0.0176815 0.0204023 0.0146382 0.0154258 0.0145383 0.0169600 0.0145643 0.0178552 0.0178552 0.0219475 0.0091938 0.0100729 0.0066018 0.0065971 0.0070293 0.0057357 0.0061168 0.0069963 0.0065557 0.0065570 0.0065563 0.0043935 0.0061168 0.0052342 0.0047968 0.0069966 0.0000000 
